Param1,Param2,Param3,Param4,Param5,Param6,Param7,Param8
0.560984619345922,0.612337392618189,0.31667621051873,0.556471891893916,0.64981353515155,0.553104294364987,0.776625032741448,0.95340657473879
0.656039600796135,0.238650490757011,0.150117121177815,0.645998475884764,0.112716720205388,0.77479609093852,0.7257056437052,0.673665728707907
0.00307233344186599,0.269350793223801,0.435262830977,0.494020771095026,0.721833421307625,0.369239135410807,0.842062213296515,0.694748539912336
0.627955141755011,0.113275550484561,0.01253139062109,0.0508848207183318,0.608837795502893,0.635937402543538,0.598584325187678,0.0480871855017785
0.799371472135155,0.335177930752592,0.803300411723162,0.538670129808669,0.0251144361919454,0.355697871256925,0.663918981567373,0.124880939902592
0.693776141078658,0.915045820868928,0.232044080003385,0.0395783258259503,0.846525515934737,0.313406877252472,0.140693711777313,0.282516697371965
0.573119804232006,0.896865163352805,0.627274565749633,0.855989610390324,0.992261090011107,0.667816088255053,0.2636355623808,0.85580173083334
0.857032148668025,0.366764990303952,0.767160848706718,0.584042923125507,0.387147132645305,0.489189113412679,0.0495222934250531,0.942625205805222
0.974284381590683,0.660908986862482,0.632827442501393,0.700803207036154,0.311756032904518,0.115323283278421,0.433016538748574,0.993135322660955
0.346837774391477,0.195496633760258,0.588153628820677,0.657062241877558,0.0382693891759126,0.242713282834856,0.377428904716503,0.370442739874573
0.811905020016036,0.962513641997094,0.201662966413501,0.624549606575813,0.161363565365376,0.953860161637861,0.303090984962188,0.316920935386698
0.296345024189336,0.598147466705121,0.418303349871206,0.982183182217222,0.550739452390141,0.710994022553814,0.516368202288198,0.206576991374505
0.0430121009751131,0.179150779795743,0.930467343232972,0.156726004582773,0.578088962607005,0.67747220637738,0.224581157726564,0.686129664279943
0.143665740462294,0.0579297079607188,0.212774519548161,0.479047372316319,0.229496475059505,0.347799046822716,0.897778580825089,0.659738240946416
0.36035420898336,0.524410843377582,0.168657515971212,0.845583173876559,0.654515505280439,0.0376419500751042,0.910945126709834,0.213664535948829
0.327992033312569,0.223382995630851,0.251469075040886,0.489709231802349,0.0499048210127432,0.571898704901673,0.626264588332588,0.464347489409548
0.054018222596866,0.0306078684362904,0.730683072577857,0.78324609619065,0.951716363324534,0.0429759094804539,0.0192118350263699,0.0663448858716877
0.20916296558329,0.12959754625735,0.304358153331582,0.168884096266167,0.0609145559634975,0.281214951423793,0.889690700630664,0.615785413011408
0.494555852902384,0.0283634150094996,0.556011766695172,0.728003597191139,0.29294703256032,0.172889887699678,0.713730991954323,0.705377997279707
0.781538508514585,0.675618766558278,0.12558397497749,0.904698384613894,0.637566696865382,0.503389197604402,0.110630033632062,0.826855612239428
0.729593016707697,0.73674332395954,0.0829831925919832,0.143726431527699,0.444107684091591,0.785604225661957,0.996800647042528,0.717743383086516
0.756706395592467,0.769100676376895,0.27739957009341,0.436264033677691,0.490611000365897,0.644372063997927,0.342548252719321,0.458840631159293
0.522906503382101,0.201896803640034,0.199714705492283,0.0239354636598078,0.331044979875496,0.320096886766003,0.807110715953884,0.388660338943218
0.941396891188325,0.926004410252981,0.880520347655431,0.201536113154567,0.80393773794821,0.300426845884324,0.458756459560898,0.0805347655633943
0.984991013834631,0.56344685699931,0.940038310398476,0.662980543107898,0.262076216751833,0.0766318173405563,0.604859190064475,0.735075670287316
0.950052404144441,0.00433156501571834,0.0222051672852346,0.876071260855797,0.621638324727532,0.168445442025784,0.486124881308402,0.112517863730536
0.555713598634658,0.309968781356413,0.520105985910425,0.314281313369742,0.934398589094608,0.735829208801163,0.550213902362451,0.0168906484045123
0.927326547452613,0.473486485190338,0.0551244704270645,0.0175022626481626,0.289993048960279,0.0944552298394912,0.21708182262142,0.309922947152328
0.475270481206361,0.606829026558901,0.408720173399279,0.882726532668886,0.857487248699019,0.889702478812092,0.61407657436435,0.893843783289095
0.648391546688216,0.397340661627859,0.465356327225814,0.466566708546406,0.825680514044631,0.471332937283021,0.184286435563467,0.626424266607197
0.618411021880061,0.775395517967011,0.822574095091371,0.899213653251367,0.0856934713042349,0.0810558575657265,0.443841440078668,0.413511709289431
0.86731658031174,0.0937683906009055,0.573266083768694,0.276977690717256,0.121247669607224,0.585028096156767,0.534390857379035,0.81154022771393
0.282428799351107,0.971981465692943,0.221260204926629,0.71699597518076,0.379323590512486,0.827907129967791,0.467201406048188,0.638986467879803
0.703908259704139,0.814388358807184,0.872417496005678,0.00976778802403365,0.696600932099926,0.402784028679953,0.838481503666541,0.584116981656782
0.630330669670638,0.299751959096582,0.713828247583617,0.518238857483423,0.678229379334036,0.80300283896502,0.982669874944752,0.504176178113934
0.682266792347959,0.582064595637428,0.497251827767487,0.28139081203389,0.687539647991991,0.725392527688085,0.959603014795994,0.934781962392479
0.334271354237138,0.257269111774264,0.86663621655578,0.303440518304664,0.00272180509712623,0.608294069533637,0.751983776936849,0.745454001701235
0.375497764957624,0.041770886558801,0.371642764575766,0.971434623986784,0.0971179511112998,0.422056285513687,0.245935831102727,0.0203329799493601
0.247129429222993,0.453114452172478,0.326141136231838,0.777290595341879,0.797626583305064,0.441115003610035,0.031699885624137,0.148176930423436
0.152476134075982,0.793960975484714,0.569196534377599,0.291040522203779,0.868603409849574,0.468574854824431,0.230289645145906,0.534406078711963
0.309056418387085,0.696130499058637,0.0713441562852128,0.637912096041276,0.777792697184728,0.450603284037273,0.585775169446218,0.573735255106089
0.398932142501447,0.959344646618958,0.395646259395891,0.410358318197539,0.971824532952927,0.199997391448295,0.67946095153151,0.329698700027258
0.582651063706928,0.270014066117241,0.138279191264766,0.565856399119608,0.916217709446453,0.5456119498397,0.402129632256125,0.493577269427281
0.99645407974393,0.353389561019889,0.789957035867987,0.997704347861364,0.153344847807377,0.0598883223025183,0.693699229783291,0.431618388682732
0.0741936640031057,0.107708277002788,0.683475031695078,0.611816298010352,0.460641867115027,0.567654844930766,0.854911806152571,0.136048639833935
0.747011445659643,0.289077454244498,0.616303103740299,0.126395565067379,0.835735188823194,0.0629301579735339,0.274323138428861,0.915626577969418
0.932863190581055,0.507590213378637,0.906239008043793,0.834984759318506,0.483948399648779,0.853058356347903,0.296908091328248,0.399151172219287
0.896395137995823,0.490974303375399,0.795586575396474,0.762523258815638,0.580304155724092,0.847348791609686,0.162528640271148,0.784186225259809
0.162815404748949,0.137826520112974,0.474838761517354,0.0916815011933519,0.526353490477326,0.376734263819611,0.526633391497821,0.0512831802355868
0.960046762669724,0.0652047724686516,0.0069988538392396,0.136055290179588,0.753355524212374,0.969067660629802,0.811166456233919,0.44793092922909
0.489162998950093,0.370907717369947,0.095216781940271,0.269033636531183,0.0568524491695199,0.939584006474826,0.32666344080446,0.0990538996776368
0.91531794103047,0.808062175578009,0.459937531141701,0.427346083851746,0.421142841618651,0.982407198487623,0.782039854311323,0.368120478005667
0.889061969424246,0.155520123935476,0.968285641041967,0.542080549874479,0.187044552699406,0.156751255064939,0.421952161712198,0.903321634232579
0.402748295438624,0.443821999135451,0.836964425653157,0.240631392573997,0.307046339198416,0.00478178187615797,0.5494976132369,0.802675790944975
0.66087954555721,0.0840578696706931,0.922555354383129,0.824317414116575,0.510929179331786,0.260481121178299,0.975974948691584,0.173689895511082
0.8791358556654,0.863341227813247,0.984191066577989,0.790619784427678,0.765071154125569,0.393310215830502,0.73034808357106,0.555317938450186
0.0648004911129493,0.707323198086182,0.382987928168724,0.2340275160545,0.367928603493673,0.235268783790768,0.945856240564928,0.336856376689812
0.124473689989353,0.515761328169479,0.281953355748691,0.60012048032344,0.459741807517358,0.753506278404706,0.136694764293718,0.873585333376876
0.46314850962347,0.342006762032476,0.741480147610525,0.0823765149747473,0.108297910631412,0.213343640857415,0.863636276456595,0.104379731046157
0.187003452168754,0.42067687169784,0.178822790440757,0.688143841313931,0.146976594522533,0.49769852557573,0.0814197462979055,0.723362733307498
0.0939812228406023,0.885302809026334,0.973427363441439,0.324832299943795,0.270385603894822,0.271951103262206,0.152117160159731,0.188751229555853
0.808014960947608,0.936936966125917,0.912470485278141,0.673598479047893,0.402163425659912,0.384972149544773,0.684615902568188,0.663259728247928
0.353432425847779,0.435606281675713,0.3529787121008,0.251310490994798,0.193267435392562,0.875659702861806,0.41258329553669,0.243196887217791
0.823016429397615,0.466931399593182,0.343948815462717,0.693998816304599,0.231592777335566,0.0129096641648822,0.362602793928869,0.220698798559381
0.235403196195987,0.947249870260623,0.649617333745847,0.38000330620535,0.895791457195653,0.134447360141143,0.795552053931763,0.231711803088586
0.718423408305521,0.538612526138178,0.678048499093731,0.378708236995966,0.562962626504097,0.437449962104896,0.331495901417483,0.968218996453427
0.90578214182937,0.718334525313084,0.776693183016647,0.197066293557751,0.94518713380668,0.839247994316302,0.655054651402236,0.400507593727669
0.774039456335039,0.655060526066984,0.533571665983449,0.755231206263128,0.591794240170604,0.184108976200777,0.470518424651872,0.60800377151058
0.256776685036885,0.409134164891442,0.107825960723869,0.818704175677593,0.215626097957428,0.913257579294246,0.312022118105059,0.0778231933821528
0.411692711792966,0.180731610916149,0.48923090192152,0.947718765348993,0.0714002615630734,0.944119865873419,0.828669554165404,0.259914780627408
0.428773149918795,0.558515237500917,0.0401941064444695,0.528189279557202,0.509911027660205,0.414662977427434,0.577622302456148,0.846993734215549
0.267488192980369,0.148395208015939,0.70793241038137,0.17327984422183,0.390039688805575,0.975273836288043,0.09872276532906,0.517255291772699
0.380623924831096,0.162822764122432,0.600167466609482,0.596742151597203,0.717247989397371,0.126761888041476,0.284658796010526,0.00413551549264369
0.133447917909845,0.853251055375918,0.543896289860592,0.182094124725088,0.789664835902207,0.765690139123139,0.199433033100418,0.526034471525168
0.502470891309781,0.0764148045696696,0.187520214474561,0.394539860949546,0.358479000437262,0.592351021994892,0.565314250016162,0.758135972261513
0.511891414687507,0.629095420962694,0.664820420704871,0.867694434391073,0.535204038455723,0.620035373249231,0.250173121970259,0.836071836013317
0.0895157328181381,0.389917519548889,0.692871689459252,0.44313237530815,0.131111576588878,0.537349817148559,0.503177788384034,0.348454061601822
0.675852908623028,0.576272209683356,0.337401309726008,0.939509173985287,0.967165808915522,0.202079329986714,0.741290992819352,0.261676955456302
0.102745109445926,0.682116928613273,0.0388531399402888,0.354274014649236,0.472158729725251,0.148653907395077,0.925037894345501,0.778502479257985
0.228609559889644,0.245527139434681,0.84450330503409,0.73006237679034,0.248296074991379,0.659644638515798,0.767123377893713,0.483204540482977
0.73367442740848,0.0190037531707812,0.727810982341653,0.576370309700489,0.172687064501429,0.815460535110868,0.128169806826128,0.542499100165115
0.607531665425944,0.831941688618674,0.4468782441579,0.0744127933979956,0.987533781659313,0.684370229351495,0.90038780987589,0.199851099917869
0.0216002772677922,0.313405450146713,0.650268669171725,0.400727196456006,0.70918159073752,0.517691172046701,0.962437385242901,0.158577535018869
0.311633291767087,0.645476359073994,0.756908095095055,0.927401235045283,0.741470912547686,0.928552375752543,0.64049646509486,0.88969344395755
0.455469275816602,0.904666376387869,0.290537524965773,0.0416752497340862,0.6631344783981,0.613229041707933,0.93328733350968,0.981913044872621
0.176052412636733,0.214733352630739,0.895894381333814,0.368248740952017,0.810418893811368,0.226459294893172,0.388139453898748,0.429528540446901
0.110384046983456,0.993703189411952,0.509896663984638,0.221201578062302,0.540149443954753,0.694895276930209,0.877101580418569,0.763338185218977
0.549918216975194,0.823534355690836,0.266899310027201,0.217203672356096,0.43465277381457,0.333052933478593,0.00941792175503003,0.925439675644169
0.446015613103585,0.7580816926771,0.248447931623622,0.341505239986564,0.880940195502889,0.744047070516553,0.499559337775899,0.861970036207139
0.845122277260886,0.631982679372863,0.850059174597734,0.911932839847083,0.345233513795903,0.994938892448841,0.17720441168675,0.796415610941791
0.59381863237078,0.488034290098675,0.36549760795387,0.508108748476685,0.201103287482304,0.292236007447222,0.358295303791792,0.649746659548956
0.839299900059316,0.32588706361869,0.114547817124127,0.80021441044691,0.259761502403566,0.893147972563947,0.203228994402303,0.167814118437069
0.538573120803234,0.787643066384832,0.957376682219684,0.337462723400726,0.9087127516746,0.706805063595259,0.630975820716738,0.272890850999652
0.0334577336763776,0.547277945618759,0.591174587654173,0.452214538719583,0.73259359795383,0.101678571176645,0.706480126783432,0.474510792137158
0.0178168040508009,0.729913315059172,0.998969389280925,0.961892154588987,0.876089797947636,0.253391784378354,0.398998414839179,0.0313030696730601
0.218808680712087,0.980717191815665,0.141764373104746,0.115020470522541,0.326063715390538,0.904129317794101,0.0620699776426553,0.292611643442059
0.439568628990358,0.744797805049693,0.815728242695635,0.0608427684838547,0.613981516533759,0.52980921570033,0.0553156757096503,0.978967698675703
0.768344418189213,0.8453587439189,0.420796553174043,0.748990164570045,0.0197611452681553,0.861630499691273,0.0731265879310644,0.350285667857152
0.194888940963986,0.414764702710828,0.514719878411812,0.958641754107782,0.926123290170916,0.79886002135351,0.103169214712526,0.562612873924509
0.27132731981152,0.876631878926904,0.0612916536021911,0.101416832039767,0.419432538724432,0.0215957955303727,0.0257856411413035,0.59986142423175
